130670003
130890002
131210055
131350002
131510002
240031003
240051007
240053001
240130001
240251001
240259001
245100054
245105253
170310001
170310032
170310076
170311003
170311601
170313103
170314002
170314007
170314201
170317002
170436001
170890005
170971007
171110001
171971011
180890022
180892008
181270024
181270026
550590019
550590025
210150003
210150008
210373002
390170018
390170023
390179991
390250022
390610006
390610010
390610040
391650007
390350034
390350060
390350064
390355002
390550004
390850003
390850007
390930018
391030004
391331001
391530026
390410002
390490029
390490081
390890005
390890008
480850005
481130069
481130075
481130087
481210034
481211032
481390016
481391044
482510003
482570005
483670081
484390075
484391002
484392003
484393009
484393011
080013001
080050002
080050006
080130014
080310002
080310026
080350004
080590005
080590006
080590011
080590014
080690007
080690011
080691004
081230009
081230013
260990009
260991003
261250001
261470005
261610008
261619991
261630001
261630019
550290004
350130021
350130022
481410029
481410037
481410044
481410055
481410057
481410058
481411021
090031003
090050005
090110124
090131001
090159991
480391004
480391016
481671034
482010024
482010026
482010029
482010046
482010047
482010051
482010055
482010062
482010066
482010416
482010417
482011015
482011017
482011034
482011035
482011039
482011050
483390078
060250005
060251003
060254003
060254004
320030043
320030044
320030071
320030073
320030075
320030298
320030299
320030540
320032003
060379033
060710001
060710012
060710306
060714001
060719002
060370002
060370016
060370113
060371103
060371201
060371302
060371602
060371701
060372005
060374009
060374010
060375005
060376012
060590007
060592022
060595001
060650012
060650016
060656001
060658001
060658005
060659001
060710005
060711004
060712002
060714003
060719004
180190008
180431004
210290006
211110051
211110067
211110080
211850004
550790010
550790068
550790085
550890008
550890009
551010020
551330027
090010017
090011123
090013007
090019003
090079007
090090027
090099002
340030006
340130003
340170006
340190001
340230011
340250005
340273001
340315001
340410007
360050110
360050133
360610135
360810124
360850111
360870005
361030002
361030004
361030009
361030044
361192004
490110004
490352005
490353006
490353010
490353013
490353014
490353015
490353016
490354002
490450004
490571003
100031007
100031010
100031013
100032004
240150003
340010006
340070002
340071001
340110007
340150002
340210005
340219991
340290006
420170012
420290100
420450002
420910013
421010004
421010024
421010048
040070010
040130019
040131003
040131004
040131010
040132001
040132005
040133002
040133003
040134003
040134004
040134005
040134008
040134010
040134011
040137020
040137021
040137022
040137024
040139508
040139702
040139704
040139997
040213001
040218001
060650010
060652002
060655001
060170010
060170012
060170020
060172004
060610003
060610004
060610006
060612003
060670002
060670006
060670010
060670011
060670012
060675003
060953003
061130004
061131003
480290032
480290052
480290059
060730001
060731006
060731008
060731014
060731016
060731022
060731026
060010007
060010009
060010011
060010013
060012001
060130002
060131002
060131004
060132007
060410001
060550004
060750005
060811001
060850002
060850005
060851001
060852006
060950004
060950005
060970004
060190007
060190011
060190242
060192009
060194001
060195001
060290007
060290008
060290014
060290232
060292012
060295002
060296001
060311004
060390004
060392010
060470003
060771003
060773005
060990005
060990006
061070006
061070009
061072003
061072010
490494001
490495010
171190120
171190122
171193007
171199991
171630010
290990019
291831002
291831004
291890005
291890014
295100085
061110007
061110009
061111004
061112002
061113001
110010041
110010043
110010050
240090011
240170010
240210037
240313001
240330030
240338003
240339991
510130020
510590030
511071005
511530009
