040070010
040130019
040131003
040131004
040131010
040132005
040133002
040134008
040134010
040137020
040137021
040137022
040137024
040139508
040139702
040139704
040139997
040190021
040213001
040218001
040278011
060010007
060050002
060070007
060090001
060170010
060170020
060190007
060190011
060190242
060192009
060194001
060195001
060250005
060251003
060270101
060290007
060290008
060290011
060290014
060290232
060292012
060295002
060296001
060311004
060370002
060370016
060371103
060371201
060371602
060371701
060372005
060376012
060379033
060390004
060392010
060430003
060430006
060470003
060570005
060592022
060595001
060610003
060610004
060610006
060650012
060650012
060650016
060650016
060651016
060652002
060655001
060656001
060658001
060658005
060659001
060670002
060670006
060670012
060675003
060710001
060710005
060710012
060710306
060711004
060711234
060712002
060714001
060714003
060719002
060719004
060731006
060731016
060731022
060773005
060798005
060890004
060890009
060990005
060990006
061030004
061030007
061070006
061070009
061072002
061072010
061090005
061110009
061112002
080050002
080350004
080590005
080590006
080590011
080690011
090010017
090011123
090013007
090019003
090090027
090099002
090110124
090131001
090159991
100031010
100031013
100032004
131210055
131510002
160010017
170310001
170310032
170310076
170314002
170314007
170314201
170317002
170436001
170890005
170971007
171110001
171191009
171193007
171630010
180431004
180970050
181270024
181270026
181410015
211110067
240031003
240053001
240150003
240251001
240259001
240338003
240339991
250051004
250130008
260050003
260210014
260270003
260770008
260990009
261210039
261250001
261470005
261619991
261630019
291831002
291831004
295100085
320030043
320030071
320030073
320030075
320030298
320310016
320311005
320312009
340030006
340070002
340150002
340170006
340190001
340210005
340219991
340230011
340290006
350130021
350130022
360050133
360610135
360810124
361030002
361030004
361030009
361192004
390170018
390355002
390550004
390610006
390610010
390610040
390850003
391130037
391650007
410050004
420030067
420170012
420290100
420910013
420950025
421010024
421010048
440030002
440071010
480290032
480290052
480391004
480850005
481130069
481130075
481210034
481211032
481410037
481410044
481410058
481671034
482010024
482010029
482010047
482010055
482010066
482010416
482011017
482011034
482011039
482011050
482510003
483390078
484390075
484391002
484392003
484393009
490110004
490130002
490137011
490353006
490353013
490450004
490471002
490472002
490472003
490477022
490495010
490570002
490571003
530050003
530330023
550290004
550590019
550590025
550710007
550790085
550890008
550890009
551010020
551170006
551170009
